[[-1.37968332e-01  1.20162144e-01  3.00648734e-02 -9.00283977e-02
  -1.11374952e-01 -1.24893570e-03 -4.67523448e-02 -4.28146124e-02
   1.84158012e-01 -3.92586067e-02  1.48008421e-01 -3.96168530e-02
  -2.72936642e-01  6.02032691e-02 -7.02420920e-02  1.22708842e-01
  -2.01446906e-01 -1.36160910e-01 -1.07976899e-01 -2.08407015e-01
   7.96511173e-02  1.49917929e-02 -2.48704161e-02  3.28426156e-03
  -2.17095077e-01 -2.36196220e-01 -8.48094746e-02 -1.70651436e-01
   7.81978890e-02 -1.50829539e-01  6.81359023e-02 -4.48070057e-02
  -1.76197797e-01 -4.49950770e-02 -1.16414744e-02  4.47034091e-02
  -1.80116259e-02 -6.17641509e-02  1.80098385e-01 -1.21333357e-03
  -1.18826546e-01  1.07069276e-01  4.29819226e-02  3.53204608e-01
   2.07081705e-01  8.26116055e-02 -1.36249997e-02 -4.64960784e-02
   1.61337927e-01 -3.03362638e-01  1.23200476e-01  1.20343894e-01
   1.18689150e-01  7.44628236e-02  1.84240967e-01 -2.19118759e-01
   6.48090094e-02  1.94195867e-01 -2.19037518e-01  1.69314668e-01
   9.88943726e-02  4.45082709e-02  2.11801529e-02 -6.25206381e-02
   2.32068419e-01  7.55597353e-02 -1.59761310e-01 -7.59567544e-02
   1.40698850e-01 -1.01161666e-01 -1.32223517e-02  6.15829080e-02
  -1.38894945e-01 -1.94494337e-01 -3.13531905e-01  1.29251197e-01
   4.67098922e-01  1.80242315e-01 -1.84312731e-01  3.89281008e-03
  -2.65431916e-03  3.55541222e-02  9.96286422e-02 -1.16013344e-02
  -1.82934433e-01 -7.30204806e-02 -1.00863203e-01  5.02466261e-02
   1.78001478e-01  1.70983858e-02 -8.55299085e-02  2.24998266e-01
  -1.35583784e-02 -1.45346699e-02 -1.75804384e-02  7.73102865e-02
  -1.83356255e-01 -3.61491032e-02 -1.15219623e-01 -6.87396247e-03
   8.47979113e-02 -1.21457987e-01 -3.67039777e-02  1.41783461e-01
  -1.68953240e-01  1.31727383e-01 -2.95610689e-02 -1.72929261e-02
  -1.61215931e-01  7.32453912e-02 -1.61124781e-01  7.98296779e-02
   2.23064438e-01 -2.96819240e-01  2.40326419e-01  2.55349874e-01
   2.04368308e-02  9.37735215e-02  9.77589935e-02 -4.10459861e-02
   2.41987631e-02  6.18667528e-02 -1.73960462e-01 -9.52516124e-02
   3.69224548e-02 -6.44406527e-02  5.67756742e-02  1.02015048e-01]
 [-7.32726455e-02  2.23652050e-02  2.89140102e-02 -3.17890719e-02
  -7.23457783e-02 -1.11054629e-04 -4.29550931e-02 -9.63088423e-02
   9.62983891e-02 -5.78729399e-02  2.45023519e-01 -4.57576141e-02
  -2.32237160e-01 -1.00093760e-01 -1.57265691e-03  1.85429111e-01
  -1.05651818e-01 -1.60487026e-01 -4.26817015e-02  2.88464352e-02
   8.51679966e-02 -1.97781064e-02 -2.25064829e-02  9.00283903e-02
  -1.35562211e-01 -3.57142121e-01 -1.34926856e-01 -8.99696946e-02
   1.38350772e-02 -1.00321442e-01 -1.04659975e-01  2.21292302e-02
  -1.59505025e-01 -3.58449742e-02  6.71510175e-02  7.94959441e-02
  -1.86403338e-02 -7.82060996e-02  1.94138229e-01  2.20335089e-02
  -2.66889364e-01  1.48297884e-02  6.12104163e-02  2.23320961e-01
   1.90899059e-01  5.14010154e-02  3.37586403e-02 -8.81002545e-02
   7.60530755e-02 -2.21466139e-01  9.36458856e-02  1.61386460e-01
   9.10337195e-02  1.27032325e-01 -5.01161292e-02 -1.12705469e-01
   4.13278528e-02  1.03151903e-01 -1.58553079e-01  4.54796962e-02
   7.70076662e-02 -1.45146564e-01 -1.52552752e-02 -1.81306321e-02
   1.97787702e-01  8.86356160e-02 -1.47115588e-01 -1.84130311e-01
   7.87870064e-02 -1.90491989e-01 -1.13836274e-01  3.05185355e-02
  -1.92183822e-01 -1.69929713e-01 -4.00690556e-01  5.18200472e-02
   4.04754579e-01  1.27587184e-01 -2.05420345e-01  4.29491065e-02
  -5.22541292e-02  2.22059544e-02  1.03162140e-01  1.59795284e-01
  -9.21586156e-03 -1.50104146e-03 -9.44297984e-02  3.20591368e-02
   2.40797579e-01 -4.85210046e-02 -7.22545804e-03  2.21215650e-01
  -2.73123048e-02  1.40777692e-01  2.48203091e-02  1.40931785e-01
  -1.20094456e-02 -2.47731786e-02 -3.82220596e-02  1.94848664e-02
   5.36539145e-02  1.07607301e-02  4.78293300e-02  1.77856982e-01
  -1.86306700e-01  1.52121499e-01 -2.16044988e-02  4.08445038e-02
   5.64404055e-02  2.74931006e-02 -7.95454755e-02 -9.96307209e-02
   9.22459289e-02 -2.15733334e-01  1.95162490e-01  2.30423018e-01
   8.30505416e-02  3.58273834e-02  1.05948567e-01  5.72195426e-02
  -1.64755397e-02 -4.45978642e-02 -2.37191409e-01  1.53155881e-03
   8.38976875e-02 -1.32299587e-02  4.50293496e-02  1.41010173e-02]]

   [(128,), (128,)]



   [array([-7.05781728e-02,  1.38719305e-01,  6.56686351e-02, -2.68641952e-02,
        7.45704537e-03,  1.14160497e-03, -1.11247510e-01, -7.11059719e-02,
        1.74464092e-01, -1.40867144e-01,  2.69666523e-01,  8.61136690e-02,
       -2.28092328e-01, -1.33871615e-01,  9.02213976e-02,  1.62254989e-01,
       -2.35163182e-01, -8.49894136e-02, -1.08954012e-01, -6.70417845e-02,
       -1.07326936e-02, -8.56754091e-03,  7.49529153e-02,  5.19841649e-02,
       -7.78458938e-02, -3.83943439e-01, -6.42763972e-02, -1.37960911e-01,
       -5.90908714e-03, -1.67319238e-01, -1.03649303e-01, -3.71093042e-02,
       -1.72980830e-01, -1.01200156e-01, -7.33087352e-03, -6.12601172e-03,
       -9.50349681e-03, -1.35682765e-02,  1.78283498e-01,  4.19649072e-02,
       -1.30831078e-01,  7.16632232e-02, -1.37283634e-02,  2.25830078e-01,
        2.42708370e-01,  1.12315729e-01,  2.69227568e-02, -6.26978502e-02,
        1.18765935e-01, -2.21306369e-01,  5.47148809e-02,  1.68055445e-01,
        8.81642550e-02,  2.58172303e-02,  1.04897387e-01, -2.08626717e-01,
       -1.87555999e-02,  8.63497779e-02, -8.56341273e-02,  5.42176887e-02,
        5.33554479e-02, -6.88331425e-02,  3.16034630e-02,  4.98974957e-02,
        2.03372627e-01,  4.65208888e-02, -1.11054942e-01, -5.30898087e-02,
        1.06842503e-01, -1.94554739e-02, -7.73822656e-03, -2.48691998e-03,
       -1.83449075e-01, -2.33499348e-01, -2.66084969e-01,  6.55702725e-02,
        3.42436284e-01,  1.89003497e-01, -2.00742766e-01, -2.06571538e-04,
       -1.67681277e-01,  7.83573277e-03,  6.65748939e-02,  6.15871772e-02,
       -4.57631797e-02, -8.76932368e-02, -9.28531960e-02,  5.47064207e-02,
        1.05098426e-01,  4.89751585e-02, -2.09408216e-02,  1.98970079e-01,
       -4.29334529e-02,  5.17373309e-02, -5.41458279e-03,  1.79837272e-02,
       -1.44999295e-01, -1.87743083e-02, -1.65395647e-01, -5.81620857e-02,
       -1.25157414e-02, -2.38447487e-02, -2.06204411e-03,  1.20173492e-01,
       -1.90997988e-01,  6.21360503e-02,  3.89552442e-03, -2.09456682e-02,
       -1.52676012e-02,  1.16149753e-01, -9.01406556e-02, -5.00672460e-02,
        7.46569410e-02, -2.22564608e-01,  2.34743729e-01,  2.84321696e-01,
        3.45961116e-02,  1.48336828e-01,  7.68229365e-02,  5.73731139e-02,
       -2.71767415e-02, -3.18967737e-02, -1.65586486e-01, -8.62291902e-02,
        2.76290346e-02,  7.62585327e-02,  9.61603001e-02,  6.31440850e-03]), array([-0.03095124,  0.16983692,  0.02043352, -0.04983906, -0.14963172,
        0.09147068, -0.07018456, -0.03878681,  0.02969958,  0.04091129,
        0.24562405, -0.09712982, -0.24509962, -0.03141875, -0.00168415,
        0.15735991, -0.05907469, -0.07111596, -0.21990986, -0.07691825,
       -0.11257741,  0.02331915,  0.05412818, -0.00145432, -0.10833951,
       -0.30639383,  0.00092682, -0.11292012,  0.06663342, -0.10904635,
       -0.04648964,  0.04075795, -0.25123751, -0.0201412 ,  0.0458465 ,
        0.04748981, -0.09950192, -0.03335094,  0.23462202,  0.02156862,
       -0.14558621,  0.06919512,  0.10037922,  0.22234747,  0.21285416,
        0.04485388,  0.03580718, -0.02955708,  0.114121  , -0.25041065,
        0.06205953,  0.14248709,  0.09014333,  0.08974752,  0.08817743,
       -0.14230184,  0.01144133,  0.13411249, -0.15826954,  0.01036091,
       -0.02230432,  0.03251812, -0.0980626 , -0.10453673,  0.26629105,
        0.14480332, -0.06770556, -0.12894152,  0.16655113, -0.11582333,
       -0.00527521,  0.09246299, -0.07941478, -0.12160485, -0.26281977,
        0.08626217,  0.28240258,  0.07221982, -0.24319892, -0.00137242,
        0.01467326, -0.08416828,  0.01700868, -0.01679077, -0.11294983,
       -0.03283376, -0.02884445, -0.00571463,  0.28704408, -0.11492226,
        0.07613384,  0.21404544,  0.02767032, -0.0521436 ,  0.03661959,
        0.0326646 , -0.06959647, -0.0780927 , -0.15197112,  0.02071858,
        0.02744731, -0.16470589, -0.0592116 ,  0.04168127, -0.2559427 ,
        0.08449157, -0.00411169, -0.08758505, -0.05206102, -0.02270022,
       -0.05448967, -0.03452608,  0.2188012 , -0.27135915,  0.26459506,
        0.16706838, -0.04194332,  0.05807573,  0.09670363,  0.06757537,
        0.01634094,  0.04225342, -0.08405964, -0.17313357,  0.08179407,
       -0.05571818, -0.07466235,  0.04364514]), array([-7.32726455e-02,  2.23652050e-02,  2.89140102e-02, -3.17890719e-02,
       -7.23457783e-02, -1.11054629e-04, -4.29550931e-02, -9.63088423e-02,
        9.62983891e-02, -5.78729399e-02,  2.45023519e-01, -4.57576141e-02,
       -2.32237160e-01, -1.00093760e-01, -1.57265691e-03,  1.85429111e-01,
       -1.05651818e-01, -1.60487026e-01, -4.26817015e-02,  2.88464352e-02,
        8.51679966e-02, -1.97781064e-02, -2.25064829e-02,  9.00283903e-02,
       -1.35562211e-01, -3.57142121e-01, -1.34926856e-01, -8.99696946e-02,
        1.38350772e-02, -1.00321442e-01, -1.04659975e-01,  2.21292302e-02,
       -1.59505025e-01, -3.58449742e-02,  6.71510175e-02,  7.94959441e-02,
       -1.86403338e-02, -7.82060996e-02,  1.94138229e-01,  2.20335089e-02,
       -2.66889364e-01,  1.48297884e-02,  6.12104163e-02,  2.23320961e-01,
        1.90899059e-01,  5.14010154e-02,  3.37586403e-02, -8.81002545e-02,
        7.60530755e-02, -2.21466139e-01,  9.36458856e-02,  1.61386460e-01,
        9.10337195e-02,  1.27032325e-01, -5.01161292e-02, -1.12705469e-01,
        4.13278528e-02,  1.03151903e-01, -1.58553079e-01,  4.54796962e-02,
        7.70076662e-02, -1.45146564e-01, -1.52552752e-02, -1.81306321e-02,
        1.97787702e-01,  8.86356160e-02, -1.47115588e-01, -1.84130311e-01,
        7.87870064e-02, -1.90491989e-01, -1.13836274e-01,  3.05185355e-02,
       -1.92183822e-01, -1.69929713e-01, -4.00690556e-01,  5.18200472e-02,
        4.04754579e-01,  1.27587184e-01, -2.05420345e-01,  4.29491065e-02,
       -5.22541292e-02,  2.22059544e-02,  1.03162140e-01,  1.59795284e-01,
       -9.21586156e-03, -1.50104146e-03, -9.44297984e-02,  3.20591368e-02,
        2.40797579e-01, -4.85210046e-02, -7.22545804e-03,  2.21215650e-01,
       -2.73123048e-02,  1.40777692e-01,  2.48203091e-02,  1.40931785e-01,
       -1.20094456e-02, -2.47731786e-02, -3.82220596e-02,  1.94848664e-02,
        5.36539145e-02,  1.07607301e-02,  4.78293300e-02,  1.77856982e-01,
       -1.86306700e-01,  1.52121499e-01, -2.16044988e-02,  4.08445038e-02,
        5.64404055e-02,  2.74931006e-02, -7.95454755e-02, -9.96307209e-02,
        9.22459289e-02, -2.15733334e-01,  1.95162490e-01,  2.30423018e-01,
        8.30505416e-02,  3.58273834e-02,  1.05948567e-01,  5.72195426e-02,
       -1.64755397e-02, -4.45978642e-02, -2.37191409e-01,  1.53155881e-03,
        8.38976875e-02, -1.32299587e-02,  4.50293496e-02,  1.41010173e-02])]

        [array([]), array([]), array([])]

        csvに変換してから読み込んだ場合

        [[], [], []]  <-- array()が無くなっている


[[-7.05781728e-02  1.38719305e-01  6.56686351e-02 -2.68641952e-02
   7.45704537e-03  1.14160497e-03 -1.11247510e-01 -7.11059719e-02
   1.74464092e-01 -1.40867144e-01  2.69666523e-01  8.61136690e-02
  -2.28092328e-01 -1.33871615e-01  9.02213976e-02  1.62254989e-01
  -2.35163182e-01 -8.49894136e-02 -1.08954012e-01 -6.70417845e-02
  -1.07326936e-02 -8.56754091e-03  7.49529153e-02  5.19841649e-02
  -7.78458938e-02 -3.83943439e-01 -6.42763972e-02 -1.37960911e-01
  -5.90908714e-03 -1.67319238e-01 -1.03649303e-01 -3.71093042e-02
  -1.72980830e-01 -1.01200156e-01 -7.33087352e-03 -6.12601172e-03
  -9.50349681e-03 -1.35682765e-02  1.78283498e-01  4.19649072e-02
  -1.30831078e-01  7.16632232e-02 -1.37283634e-02  2.25830078e-01
   2.42708370e-01  1.12315729e-01  2.69227568e-02 -6.26978502e-02
   1.18765935e-01 -2.21306369e-01  5.47148809e-02  1.68055445e-01
   8.81642550e-02  2.58172303e-02  1.04897387e-01 -2.08626717e-01
  -1.87555999e-02  8.63497779e-02 -8.56341273e-02  5.42176887e-02
   5.33554479e-02 -6.88331425e-02  3.16034630e-02  4.98974957e-02
   2.03372627e-01  4.65208888e-02 -1.11054942e-01 -5.30898087e-02
   1.06842503e-01 -1.94554739e-02 -7.73822656e-03 -2.48691998e-03
  -1.83449075e-01 -2.33499348e-01 -2.66084969e-01  6.55702725e-02
   3.42436284e-01  1.89003497e-01 -2.00742766e-01 -2.06571538e-04
  -1.67681277e-01  7.83573277e-03  6.65748939e-02  6.15871772e-02
  -4.57631797e-02 -8.76932368e-02 -9.28531960e-02  5.47064207e-02
   1.05098426e-01  4.89751585e-02 -2.09408216e-02  1.98970079e-01
  -4.29334529e-02  5.17373309e-02 -5.41458279e-03  1.79837272e-02
  -1.44999295e-01 -1.87743083e-02 -1.65395647e-01 -5.81620857e-02
  -1.25157414e-02 -2.38447487e-02 -2.06204411e-03  1.20173492e-01
  -1.90997988e-01  6.21360503e-02  3.89552442e-03 -2.09456682e-02
  -1.52676012e-02  1.16149753e-01 -9.01406556e-02 -5.00672460e-02
   7.46569410e-02 -2.22564608e-01  2.34743729e-01  2.84321696e-01
   3.45961116e-02  1.48336828e-01  7.68229365e-02  5.73731139e-02
  -2.71767415e-02 -3.18967737e-02 -1.65586486e-01 -8.62291902e-02
   2.76290346e-02  7.62585327e-02  9.61603001e-02  6.31440850e-03]
 [-3.09512410e-02  1.69836923e-01  2.04335190e-02 -4.98390570e-02
  -1.49631724e-01  9.14706811e-02 -7.01845586e-02 -3.87868136e-02
   2.96995807e-02  4.09112945e-02  2.45624050e-01 -9.71298218e-02
  -2.45099619e-01 -3.14187519e-02 -1.68415159e-03  1.57359913e-01
  -5.90746887e-02 -7.11159557e-02 -2.19909862e-01 -7.69182518e-02
  -1.12577409e-01  2.33191550e-02  5.41281812e-02 -1.45432376e-03
  -1.08339511e-01 -3.06393832e-01  9.26820561e-04 -1.12920120e-01
   6.66334182e-02 -1.09046355e-01 -4.64896373e-02  4.07579541e-02
  -2.51237512e-01 -2.01412048e-02  4.58464958e-02  4.74898070e-02
  -9.95019227e-02 -3.33509445e-02  2.34622017e-01  2.15686187e-02
  -1.45586208e-01  6.91951215e-02  1.00379221e-01  2.22347468e-01
   2.12854162e-01  4.48538810e-02  3.58071774e-02 -2.95570791e-02
   1.14121005e-01 -2.50410646e-01  6.20595291e-02  1.42487094e-01
   9.01433304e-02  8.97475183e-02  8.81774276e-02 -1.42301843e-01
   1.14413295e-02  1.34112492e-01 -1.58269539e-01  1.03609087e-02
  -2.23043207e-02  3.25181186e-02 -9.80625972e-02 -1.04536727e-01
   2.66291052e-01  1.44803315e-01 -6.77055568e-02 -1.28941521e-01
   1.66551128e-01 -1.15823328e-01 -5.27520990e-03  9.24629867e-02
  -7.94147775e-02 -1.21604852e-01 -2.62819767e-01  8.62621740e-02
   2.82402575e-01  7.22198188e-02 -2.43198916e-01 -1.37242209e-03
   1.46732582e-02 -8.41682777e-02  1.70086846e-02 -1.67907737e-02
  -1.12949826e-01 -3.28337625e-02 -2.88444515e-02 -5.71463071e-03
   2.87044078e-01 -1.14922263e-01  7.61338398e-02  2.14045435e-01
   2.76703238e-02 -5.21435998e-02  3.66195850e-02  3.26646008e-02
  -6.95964694e-02 -7.80927017e-02 -1.51971117e-01  2.07185801e-02
   2.74473112e-02 -1.64705887e-01 -5.92116006e-02  4.16812710e-02
  -2.55942702e-01  8.44915658e-02 -4.11169324e-03 -8.75850543e-02
  -5.20610176e-02 -2.27002241e-02 -5.44896722e-02 -3.45260799e-02
   2.18801200e-01 -2.71359146e-01  2.64595062e-01  1.67068377e-01
  -4.19433229e-02  5.80757335e-02  9.67036337e-02  6.75753728e-02
   1.63409449e-02  4.22534198e-02 -8.40596408e-02 -1.73133567e-01
   8.17940682e-02 -5.57181835e-02 -7.46623501e-02  4.36451398e-02]
 [-7.32726455e-02  2.23652050e-02  2.89140102e-02 -3.17890719e-02
  -7.23457783e-02 -1.11054629e-04 -4.29550931e-02 -9.63088423e-02
   9.62983891e-02 -5.78729399e-02  2.45023519e-01 -4.57576141e-02
  -2.32237160e-01 -1.00093760e-01 -1.57265691e-03  1.85429111e-01
  -1.05651818e-01 -1.60487026e-01 -4.26817015e-02  2.88464352e-02
   8.51679966e-02 -1.97781064e-02 -2.25064829e-02  9.00283903e-02
  -1.35562211e-01 -3.57142121e-01 -1.34926856e-01 -8.99696946e-02
   1.38350772e-02 -1.00321442e-01 -1.04659975e-01  2.21292302e-02
  -1.59505025e-01 -3.58449742e-02  6.71510175e-02  7.94959441e-02
  -1.86403338e-02 -7.82060996e-02  1.94138229e-01  2.20335089e-02
  -2.66889364e-01  1.48297884e-02  6.12104163e-02  2.23320961e-01
   1.90899059e-01  5.14010154e-02  3.37586403e-02 -8.81002545e-02
   7.60530755e-02 -2.21466139e-01  9.36458856e-02  1.61386460e-01
   9.10337195e-02  1.27032325e-01 -5.01161292e-02 -1.12705469e-01
   4.13278528e-02  1.03151903e-01 -1.58553079e-01  4.54796962e-02
   7.70076662e-02 -1.45146564e-01 -1.52552752e-02 -1.81306321e-02
   1.97787702e-01  8.86356160e-02 -1.47115588e-01 -1.84130311e-01
   7.87870064e-02 -1.90491989e-01 -1.13836274e-01  3.05185355e-02
  -1.92183822e-01 -1.69929713e-01 -4.00690556e-01  5.18200472e-02
   4.04754579e-01  1.27587184e-01 -2.05420345e-01  4.29491065e-02
  -5.22541292e-02  2.22059544e-02  1.03162140e-01  1.59795284e-01
  -9.21586156e-03 -1.50104146e-03 -9.44297984e-02  3.20591368e-02
   2.40797579e-01 -4.85210046e-02 -7.22545804e-03  2.21215650e-01
  -2.73123048e-02  1.40777692e-01  2.48203091e-02  1.40931785e-01
  -1.20094456e-02 -2.47731786e-02 -3.82220596e-02  1.94848664e-02
   5.36539145e-02  1.07607301e-02  4.78293300e-02  1.77856982e-01
  -1.86306700e-01  1.52121499e-01 -2.16044988e-02  4.08445038e-02
   5.64404055e-02  2.74931006e-02 -7.95454755e-02 -9.96307209e-02
   9.22459289e-02 -2.15733334e-01  1.95162490e-01  2.30423018e-01
   8.30505416e-02  3.58273834e-02  1.05948567e-01  5.72195426e-02
  -1.64755397e-02 -4.45978642e-02 -2.37191409e-01  1.53155881e-03
   8.38976875e-02 -1.32299587e-02  4.50293496e-02  1.41010173e-02]]